function [x_0, u_0] = get_init_op()
   x_0 = [0.997; 1.264; 0.209; 1.004];
   u_0 = [0.35; 0.5];
end