function x_0 = get_x_0()
   x_0 = [0.0019;0.0005401;0.000675];
end